chutes_and_ladders
chutes_and_ladders
Xmat

Xmat =

    3.0000         0         0
         0    0.6000         0
         0    0.6000    0.1200
         0    0.6000    0.7200
         0         0         0
         0    0.6000    0.3600
         0    0.6000    0.8400
         0         0         0
         0         0    0.9600

chutes_and_ladders
xmat
{Undefined function or variable 'xmat'.
} 
Xmat

Xmat =

    3.0000         0         0         0
         0    0.6000         0         0
         0    0.6000    0.1200         0
         0    0.6000    0.7200    0.4320
         0         0         0         0
         0    0.6000    0.3600    0.1680
         0    0.6000    0.8400    0.4080
         0         0         0         0
         0         0    0.9600    1.9920

chutes_and_ladders

Xmat =

  Columns 1 through 6

    3.0000         0         0         0         0         0
         0    0.6000         0         0         0         0
         0    0.6000    0.1200         0         0         0
         0    0.6000    0.7200    0.4320    0.2016    0.0989
         0         0         0         0         0         0
         0    0.6000    0.3600    0.1680    0.0864    0.0403
         0    0.6000    0.8400    0.4080    0.2064    0.0979
         0         0         0         0         0         0
         0         0    0.9600    1.9920    2.5056    2.7629

  Columns 7 through 11

         0         0         0         0         0
         0         0         0         0         0
         0         0         0         0         0
    0.0474    0.0230    0.0111    0.0053    0.0026
         0         0         0         0         0
    0.0198    0.0095    0.0046    0.0022    0.0011
    0.0476    0.0229    0.0111    0.0053    0.0026
         0         0         0         0         0
    2.8852    2.9446    2.9733    2.9871    2.9938

chutes_and_ladders

Xmat =

  Columns 1 through 6

    3.0000         0         0         0         0         0
         0    0.6000         0         0         0         0
         0    0.6000    0.1200         0         0         0
         0    0.6000    0.7200    0.4320    0.2016    0.0989
         0         0         0         0         0         0
         0    0.6000    0.3600    0.1680    0.0864    0.0403
         0    0.6000    0.8400    0.4080    0.2064    0.0979
         0         0         0         0         0         0
         0         0    0.9600    1.9920    2.5056    2.7629

  Columns 7 through 11

         0         0         0         0         0
         0         0         0         0         0
         0         0         0         0         0
    0.0474    0.0230    0.0111    0.0053    0.0026
         0         0         0         0         0
    0.0198    0.0095    0.0046    0.0022    0.0011
    0.0476    0.0229    0.0111    0.0053    0.0026
         0         0         0         0         0
    2.8852    2.9446    2.9733    2.9871    2.9938

chutes_and_ladders

Xmat =

  Columns 1 through 6

    3.0000         0         0         0         0         0
         0    0.6000         0         0         0         0
         0    0.6000    0.1200         0         0         0
         0    0.6000    0.7200    0.4320    0.2016    0.0989
         0         0         0         0         0         0
         0    0.6000    0.3600    0.1680    0.0864    0.0403
         0    0.6000    0.8400    0.4080    0.2064    0.0979
         0         0         0         0         0         0
         0         0    0.9600    1.9920    2.5056    2.7629

  Columns 7 through 11

         0         0         0         0         0
         0         0         0         0         0
         0         0         0         0         0
    0.0474    0.0230    0.0111    0.0053    0.0026
         0         0         0         0         0
    0.0198    0.0095    0.0046    0.0022    0.0011
    0.0476    0.0229    0.0111    0.0053    0.0026
         0         0         0         0         0
    2.8852    2.9446    2.9733    2.9871    2.9938

figure
%  What happens without the transpose
plot(Xmat)
chutes_and_ladders

X100 =

         0
         0
         0
    0.0000
         0
    0.0000
    0.0000
         0
    3.0000

LeslieMatrices

tern_leslie =

         0    1.5000    1.8000    1.3000
    0.3400         0         0         0
         0    0.4000         0         0
         0         0    0.4400         0


tern_10 =

   61.3758
   22.8245
    9.5593
    4.7368

LeslieMatrices

tern_leslie =

         0    1.5000    1.8000    1.3000
    0.3400         0         0         0
         0    0.4000         0         0
         0         0    0.4400         0


tern_10 =

   61.3758
   22.8245
    9.5593
    4.7368

{Undefined function or variable 'xlegend'.

Error in <a href="matlab:matlab.internal.language.introspective.errorDocCallback('LeslieMatrices', 'C:\Users\emcnelis\Desktop\LeslieMatrices.m', 51)" style="font-weight:bold">LeslieMatrices</a> (<a href="matlab: opentoline('C:\Users\emcnelis\Desktop\LeslieMatrices.m',51,0)">line 51</a>)
xlegend("Years")
} 
LeslieMatrices

tern_leslie =

         0    1.5000    1.8000    1.3000
    0.3400         0         0         0
         0    0.4000         0         0
         0         0    0.4400         0


tern_10 =

   61.3758
   22.8245
    9.5593
    4.7368

diary off
