LeslieMatrices

tern_leslie =

         0    1.5000    1.8000    1.3000
    0.3400         0         0         0
         0    0.4000         0         0
         0         0    0.4400         0


tern_10 =

   61.3758
   22.8245
    9.5593
    4.7368

% Looking at high powers of the Leslie matrix
tern_leslie^5

ans =

    0.2497    0.7998    0.7482    0.4393
    0.1149    0.2497    0.2490    0.1082
    0.0333    0.1352    0.1248    0.0902
    0.0305    0.0431    0.0342         0

tern_leslie^10

ans =

    0.1925    0.5195    0.4944    0.2637
    0.0690    0.1925    0.1829    0.0999
    0.0307    0.0811    0.0772    0.0405
    0.0137    0.0398    0.0378    0.0212

tern_leslie^50

ans =

    0.0102    0.0277    0.0264    0.0142
    0.0037    0.0102    0.0097    0.0052
    0.0016    0.0044    0.0042    0.0022
    0.0008    0.0021    0.0020    0.0011

tern_leslie^100

ans =

   1.0e-03 *

    0.2590    0.7080    0.6734    0.3624
    0.0948    0.2590    0.2464    0.1326
    0.0408    0.1115    0.1060    0.0571
    0.0193    0.0528    0.0502    0.0270

tern_leslie^1000

ans =

   1.0e-31 *

    0.0545    0.1490    0.1417    0.0763
    0.0199    0.0545    0.0518    0.0279
    0.0086    0.0235    0.0223    0.0120
    0.0041    0.0111    0.0106    0.0057

% Note that all of these entries are small enough to effectively be zero
% We can also talk about the eigensystem of the matrix
% We have pairs of eigenvalues and eigenvectors which describe our matrix
% If lambda is an eigenvalue associated with eigenvector v for a square matrix A,
% Then Av = lambda(v) i.e. the matrix times the vector is equivalent to a scalar multiplication
% (if you took linear, this means that the span of the vector does not change after applying transformation A)
% We can do some matrix math:
% A(Av) = A^2(v) = lambda(Av) = lambda^2(v)
% and thus A^k(v) = lambda^k(v). these lambda are our eigenvalues of A
% Finding the dominant eigenvalue of the Leslie matrix: MATLAB has a built in routine for eigenvalues
R0 = max(abs(eigs(tern_leslie)))

R0 =

    0.9293

% What does it mean for growth rate to be less than 1???
% Basically we will only get 92% of our population back each year
% Thus, the population will tend to the steady state (0,0,0,0)
% Pick one of the four example problems from the worksheet, and work on it!
% I only did the answers for the Tapir problem so I am excited to see what you come up with

%  Dr. McNelis started the Tapirs problem:
Tapirs
{Error: <a href="matlab: opentoline('C:\Users\emcnelis\Desktop\Tapirs.m',20,56)">File: Tapirs.m Line: 20 Column: 56
</a>Invalid expression. When calling a function or indexing a variable, use
parentheses. Otherwise, check for mismatched delimiters.
} 
Tapirs

L =

  Columns 1 through 8

         0         0         0         0         0         0    1.5400    2.3400
    0.4110         0         0         0         0         0         0         0
         0    0.8930         0         0         0         0         0         0
         0         0    0.9700         0         0         0         0         0
         0         0         0    0.9920         0         0         0         0
         0         0         0         0    0.9890         0         0         0
         0         0         0         0         0    0.9800         0         0
         0         0         0         0         0         0    0.9910         0
         0         0         0         0         0         0         0    0.9620
         0         0         0         0         0         0         0         0
         0         0         0         0         0         0         0         0
         0         0         0         0         0         0         0         0

  Columns 9 through 12

    1.0200    0.5400         0         0
         0         0         0         0
         0         0         0         0
         0         0         0         0
         0         0         0         0
         0         0         0         0
         0         0         0         0
         0         0         0         0
         0         0         0         0
    0.7180         0         0         0
         0    0.4390         0         0
         0         0    0.2110         0


X0 =

   120
   131
    87
    23
    76
    84
   139
    87
    90
    67
    43
    32


Xmat =

  120.0000  545.6200
  131.0000   49.3200
   87.0000  116.9830
   23.0000   84.3900
   76.0000   22.8160
   84.0000   75.1640
  139.0000   82.3200
   87.0000  137.7490
   90.0000   83.6940
   67.0000   64.6200
   43.0000   29.4130
   32.0000    9.0730


Xmat =

  120.0000  545.6200  569.3681
  131.0000   49.3200  224.2498
   87.0000  116.9830   44.0428
   23.0000   84.3900  113.4735
   76.0000   22.8160   83.7149
   84.0000   75.1640   22.5650
  139.0000   82.3200   73.6607
   87.0000  137.7490   81.5791
   90.0000   83.6940  132.5145
   67.0000   64.6200   60.0923
   43.0000   29.4130   28.3682
   32.0000    9.0730    6.2061


Xmat =

  120.0000  545.6200  569.3681  471.9473
  131.0000   49.3200  224.2498  234.0103
   87.0000  116.9830   44.0428  200.2551
   23.0000   84.3900  113.4735   42.7215
   76.0000   22.8160   83.7149  112.5657
   84.0000   75.1640   22.5650   82.7940
  139.0000   82.3200   73.6607   22.1137
   87.0000  137.7490   81.5791   72.9978
   90.0000   83.6940  132.5145   78.4791
   67.0000   64.6200   60.0923   95.1454
   43.0000   29.4130   28.3682   26.3805
   32.0000    9.0730    6.2061    5.9857


Xmat =

  120.0000  545.6200  569.3681  471.9473  336.2972
  131.0000   49.3200  224.2498  234.0103  193.9703
   87.0000  116.9830   44.0428  200.2551  208.9712
   23.0000   84.3900  113.4735   42.7215  194.2474
   76.0000   22.8160   83.7149  112.5657   42.3797
   84.0000   75.1640   22.5650   82.7940  111.3275
  139.0000   82.3200   73.6607   22.1137   81.1381
   87.0000  137.7490   81.5791   72.9978   21.9147
   90.0000   83.6940  132.5145   78.4791   70.2239
   67.0000   64.6200   60.0923   95.1454   56.3480
   43.0000   29.4130   28.3682   26.3805   41.7688
   32.0000    9.0730    6.2061    5.9857    5.5663


Xmat =

  120.0000  545.6200  569.3681  471.9473  336.2972  278.2894
  131.0000   49.3200  224.2498  234.0103  193.9703  138.2181
   87.0000  116.9830   44.0428  200.2551  208.9712  173.2155
   23.0000   84.3900  113.4735   42.7215  194.2474  202.7021
   76.0000   22.8160   83.7149  112.5657   42.3797  192.6935
   84.0000   75.1640   22.5650   82.7940  111.3275   41.9135
  139.0000   82.3200   73.6607   22.1137   81.1381  109.1009
   87.0000  137.7490   81.5791   72.9978   21.9147   80.4079
   90.0000   83.6940  132.5145   78.4791   70.2239   21.0819
   67.0000   64.6200   60.0923   95.1454   56.3480   50.4207
   43.0000   29.4130   28.3682   26.3805   41.7688   24.7368
   32.0000    9.0730    6.2061    5.9857    5.5663    8.8132


Xmat =

  120.0000  545.6200  569.3681  471.9473  336.2972  278.2894  404.9007
  131.0000   49.3200  224.2498  234.0103  193.9703  138.2181  114.3769
   87.0000  116.9830   44.0428  200.2551  208.9712  173.2155  123.4288
   23.0000   84.3900  113.4735   42.7215  194.2474  202.7021  168.0191
   76.0000   22.8160   83.7149  112.5657   42.3797  192.6935  201.0805
   84.0000   75.1640   22.5650   82.7940  111.3275   41.9135  190.5738
  139.0000   82.3200   73.6607   22.1137   81.1381  109.1009   41.0753
   87.0000  137.7490   81.5791   72.9978   21.9147   80.4079  108.1190
   90.0000   83.6940  132.5145   78.4791   70.2239   21.0819   77.3524
   67.0000   64.6200   60.0923   95.1454   56.3480   50.4207   15.1368
   43.0000   29.4130   28.3682   26.3805   41.7688   24.7368   22.1347
   32.0000    9.0730    6.2061    5.9857    5.5663    8.8132    5.2195


